001	-49.355068	12.2555	-135.098606	0
002	-49.355068	12.2555	-56.688006	2
003	-87.403008	12.2555	-56.688006	2
004	-87.403008	12.2555	-135.098606	2
005	-49.355068	12.2555	-135.098606	2
006	-41.770857	12.2555	-142.682807	0
007	-41.770857	12.2555	-49.103805	2
008	-94.987219	12.2555	-49.103805	2
009	-94.987219	12.2555	-142.682807	2
010	-41.770857	12.2555	-142.682807	2
011	-34.186671	12.2555	-150.267005	0
012	-34.186671	12.2555	-41.519607	2
013	-102.571405	12.2555	-41.519607	2
014	-102.571405	12.2555	-150.267005	2
015	-34.186671	12.2555	-150.267005	2
016	-26.602459	12.2555	-157.851207	0
017	-26.602459	12.2555	-33.935405	2
018	-110.155617	12.2555	-33.935405	2
019	-110.155617	12.2555	-157.851207	2
020	-26.602459	12.2555	-157.851207	2
021	-19.018273	12.2555	-165.435407	0
022	-19.018273	12.2555	-26.351205	2
023	-117.739803	12.2555	-26.351205	2
024	-117.739803	12.2555	-165.435407	2
025	-19.018273	12.2555	-165.435407	2
026	87.405238	12.2555	-135.098606	0
027	87.405238	12.2555	-56.688006	2
028	49.357298	12.2555	-56.688006	2
029	49.357298	12.2555	-135.098606	2
030	87.405238	12.2555	-135.098606	2
031	94.989449	12.2555	-142.682807	0
032	94.989449	12.2555	-49.103805	2
033	41.773087	12.2555	-49.103805	2
034	41.773087	12.2555	-142.682807	2
035	94.989449	12.2555	-142.682807	2
036	102.573635	12.2555	-150.267005	0
037	102.573635	12.2555	-41.519607	2
038	34.188901	12.2555	-41.519607	2
039	34.188901	12.2555	-150.267005	2
040	102.573635	12.2555	-150.267005	2
041	110.157847	12.2555	-157.851207	0
042	110.157847	12.2555	-33.935405	2
043	26.604689	12.2555	-33.935405	2
044	26.604689	12.2555	-157.851207	2
045	110.157847	12.2555	-157.851207	2
046	117.742033	12.2555	-165.435407	0
047	117.742033	12.2555	-26.351205	2
048	19.020503	12.2555	-26.351205	2
049	19.020503	12.2555	-165.435407	2
050	117.742033	12.2555	-165.435407	2
051	19.021732	11.4681	-135.098606	0
052	19.021732	11.4681	-56.688006	2
053	-19.026208	11.4681	-56.688006	2
054	-19.026208	11.4681	-135.098606	2
055	19.021732	11.4681	-135.098606	2
056	26.605943	11.4681	-142.682807	0
057	26.605943	11.4681	-49.103805	2
058	-26.610419	11.4681	-49.103805	2
059	-26.610419	11.4681	-142.682807	2
060	26.605943	11.4681	-142.682807	2
061	34.190129	11.4681	-150.267005	0
062	34.190129	11.4681	-41.519607	2
063	-34.194605	11.4681	-41.519607	2
064	-34.194605	11.4681	-150.267005	2
065	34.190129	11.4681	-150.267005	2
066	41.774341	11.4681	-157.851207	0
067	41.774341	11.4681	-33.935405	2
068	-41.778817	11.4681	-33.935405	2
069	-41.778817	11.4681	-157.851207	2
070	41.774341	11.4681	-157.851207	2
071	49.358527	11.4681	-165.435407	0
072	49.358527	11.4681	-26.351205	2
073	-49.363003	11.4681	-26.351205	2
074	-49.363003	11.4681	-165.435407	2
075	49.358527	11.4681	-165.435407	2
076	87.398532	12.2555	-461.370394	0
077	87.398532	12.2555	-382.959794	2
078	49.350592	12.2555	-382.959794	2
079	49.350592	12.2555	-461.370394	2
080	87.398532	12.2555	-461.370394	2
081	94.982743	12.2555	-468.954595	0
082	94.982743	12.2555	-375.375593	2
083	41.766381	12.2555	-375.375593	2
084	41.766381	12.2555	-468.954595	2
085	94.982743	12.2555	-468.954595	2
086	102.566929	12.2555	-476.538793	0
087	102.566929	12.2555	-367.791395	2
088	34.182195	12.2555	-367.791395	2
089	34.182195	12.2555	-476.538793	2
090	102.566929	12.2555	-476.538793	2
091	110.151141	12.2555	-484.122995	0
092	110.151141	12.2555	-360.207193	2
093	26.597983	12.2555	-360.207193	2
094	26.597983	12.2555	-484.122995	2
095	110.151141	12.2555	-484.122995	2
096	117.735327	12.2555	-491.707195	0
097	117.735327	12.2555	-352.622993	2
098	19.013797	12.2555	-352.622993	2
099	19.013797	12.2555	-491.707195	2
100	117.735327	12.2555	-491.707195	2
101	-49.348337	12.2555	-461.370394	0
102	-87.396277	12.2555	-461.370394	2
103	-87.396277	12.2555	-382.959794	2
104	-49.348337	12.2555	-382.959794	2
105	-49.348337	12.2555	-461.370394	2
106	-41.764126	12.2555	-468.954595	0
107	-94.980488	12.2555	-468.954595	2
108	-94.980488	12.2555	-375.375593	2
109	-41.764126	12.2555	-375.375593	2
110	-41.764126	12.2555	-468.954595	2
111	-34.17994	12.2555	-476.538793	0
112	-102.564674	12.2555	-476.538793	2
113	-102.564674	12.2555	-367.791395	2
114	-34.17994	12.2555	-367.791395	2
115	-34.17994	12.2555	-476.538793	2
116	-26.595728	12.2555	-484.122995	0
117	-110.148886	12.2555	-484.122995	2
118	-110.148886	12.2555	-360.207193	2
119	-26.595728	12.2555	-360.207193	2
120	-26.595728	12.2555	-484.122995	2
121	-19.011542	12.2555	-491.707195	0
122	-117.733072	12.2555	-491.707195	2
123	-117.733072	12.2555	-352.622993	2
124	-19.011542	12.2555	-352.622993	2
125	-19.011542	12.2555	-491.707195	2
126	-49.355068	12.2555	-298.340393	0
127	-87.403008	12.2555	-298.340393	2
128	-87.403008	12.2555	-219.929793	2
129	-49.355068	12.2555	-219.929793	2
130	-49.355068	12.2555	-298.340393	2
131	-41.770857	12.2555	-305.924594	0
132	-94.987219	12.2555	-305.924594	2
133	-94.987219	12.2555	-212.345592	2
134	-41.770857	12.2555	-212.345592	2
135	-41.770857	12.2555	-305.924594	2
136	-34.186671	12.2555	-313.508792	0
137	-102.571405	12.2555	-313.508792	2
138	-102.571405	12.2555	-204.761394	2
139	-34.186671	12.2555	-204.761394	2
140	-34.186671	12.2555	-313.508792	2
141	-26.602459	12.2555	-321.092994	0
142	-110.155617	12.2555	-321.092994	2
143	-110.155617	12.2555	-197.177192	2
144	-26.602459	12.2555	-197.177192	2
145	-26.602459	12.2555	-321.092994	2
146	-19.018273	12.2555	-328.677194	0
147	-117.739803	12.2555	-328.677194	2
148	-117.739803	12.2555	-189.592992	2
149	-19.018273	12.2555	-189.592992	2
150	-19.018273	12.2555	-328.677194	2
151	87.398532	12.2555	-298.340393	0
152	49.350592	12.2555	-298.340393	2
153	49.350592	12.2555	-219.929793	2
154	87.398532	12.2555	-219.929793	2
155	87.398532	12.2555	-298.340393	2
156	94.982743	12.2555	-305.924594	0
157	41.766381	12.2555	-305.924594	2
158	41.766381	12.2555	-212.345592	2
159	94.982743	12.2555	-212.345592	2
160	94.982743	12.2555	-305.924594	2
161	102.566929	12.2555	-313.508792	0
162	34.182195	12.2555	-313.508792	2
163	34.182195	12.2555	-204.761394	2
164	102.566929	12.2555	-204.761394	2
165	102.566929	12.2555	-313.508792	2
166	110.151141	12.2555	-321.092994	0
167	26.597983	12.2555	-321.092994	2
168	26.597983	12.2555	-197.177192	2
169	110.151141	12.2555	-197.177192	2
170	110.151141	12.2555	-321.092994	2
171	117.735327	12.2555	-328.677194	0
172	19.013797	12.2555	-328.677194	2
173	19.013797	12.2555	-189.592992	2
174	117.735327	12.2555	-189.592992	2
175	117.735327	12.2555	-328.677194	2
176	87.398532	11.4681	-352.582982	0
177	49.350592	11.4681	-352.582982	2
178	49.350592	11.4681	-274.172382	2
179	87.398532	11.4681	-274.172382	2
180	87.398532	11.4681	-352.582982	2
181	94.982743	11.4681	-360.167183	0
182	41.766381	11.4681	-360.167183	2
183	41.766381	11.4681	-266.588181	2
184	94.982743	11.4681	-266.588181	2
185	94.982743	11.4681	-360.167183	2
186	102.566929	11.4681	-367.751381	0
187	34.182195	11.4681	-367.751381	2
188	34.182195	11.4681	-259.003983	2
189	102.566929	11.4681	-259.003983	2
190	102.566929	11.4681	-367.751381	2
191	110.151141	11.4681	-375.335583	0
192	26.597983	11.4681	-375.335583	2
193	26.597983	11.4681	-251.419781	2
194	110.151141	11.4681	-251.419781	2
195	110.151141	11.4681	-375.335583	2
196	117.735327	11.4681	-382.919783	0
197	19.013797	11.4681	-382.919783	2
198	19.013797	11.4681	-243.835581	2
199	117.735327	11.4681	-243.835581	2
200	117.735327	11.4681	-382.919783	2
201	-49.355068	11.4681	-352.582982	0
202	-87.403008	11.4681	-352.582982	2
203	-87.403008	11.4681	-274.172382	2
204	-49.355068	11.4681	-274.172382	2
205	-49.355068	11.4681	-352.582982	2
206	-41.770857	11.4681	-360.167183	0
207	-94.987219	11.4681	-360.167183	2
208	-94.987219	11.4681	-266.588181	2
209	-41.770857	11.4681	-266.588181	2
210	-41.770857	11.4681	-360.167183	2
211	-34.186671	11.4681	-367.751381	0
212	-102.571405	11.4681	-367.751381	2
213	-102.571405	11.4681	-259.003983	2
214	-34.186671	11.4681	-259.003983	2
215	-34.186671	11.4681	-367.751381	2
216	-26.602459	11.4681	-375.335583	0
217	-110.155617	11.4681	-375.335583	2
218	-110.155617	11.4681	-251.419781	2
219	-26.602459	11.4681	-251.419781	2
220	-26.602459	11.4681	-375.335583	2
221	-19.018273	11.4681	-382.919783	0
222	-117.739803	11.4681	-382.919783	2
223	-117.739803	11.4681	-243.835581	2
224	-19.018273	11.4681	-243.835581	2
225	-19.018273	11.4681	-382.919783	2
226	-49.355068	10.6807	-243.857393	0
227	-87.403008	10.6807	-243.857393	2
228	-87.403008	10.6807	-165.446793	2
229	-49.355068	10.6807	-165.446793	2
230	-49.355068	10.6807	-243.857393	2
231	-41.770857	10.6807	-251.441594	0
232	-94.987219	10.6807	-251.441594	2
233	-94.987219	10.6807	-157.862592	2
234	-41.770857	10.6807	-157.862592	2
235	-41.770857	10.6807	-251.441594	2
236	-34.186671	10.6807	-259.025792	0
237	-102.571405	10.6807	-259.025792	2
238	-102.571405	10.6807	-150.278394	2
239	-34.186671	10.6807	-150.278394	2
240	-34.186671	10.6807	-259.025792	2
241	-26.602459	10.6807	-266.609994	0
242	-110.155617	10.6807	-266.609994	2
243	-110.155617	10.6807	-142.694192	2
244	-26.602459	10.6807	-142.694192	2
245	-26.602459	10.6807	-266.609994	2
246	-19.018273	10.6807	-274.194194	0
247	-117.739803	10.6807	-274.194194	2
248	-117.739803	10.6807	-135.109992	2
249	-19.018273	10.6807	-135.109992	2
250	-19.018273	10.6807	-274.194194	2
251	87.398532	10.6807	-243.857393	0
252	49.350592	10.6807	-243.857393	2
253	49.350592	10.6807	-165.446793	2
254	87.398532	10.6807	-165.446793	2
255	87.398532	10.6807	-243.857393	2
256	94.982743	10.6807	-251.441594	0
257	41.766381	10.6807	-251.441594	2
258	41.766381	10.6807	-157.862592	2
259	94.982743	10.6807	-157.862592	2
260	94.982743	10.6807	-251.441594	2
261	102.566929	10.6807	-259.025792	0
262	34.182195	10.6807	-259.025792	2
263	34.182195	10.6807	-150.278394	2
264	102.566929	10.6807	-150.278394	2
265	102.566929	10.6807	-259.025792	2
266	110.151141	10.6807	-266.609994	0
267	26.597983	10.6807	-266.609994	2
268	26.597983	10.6807	-142.694192	2
269	110.151141	10.6807	-142.694192	2
270	110.151141	10.6807	-266.609994	2
271	117.735327	10.6807	-274.194194	0
272	19.013797	10.6807	-274.194194	2
273	19.013797	10.6807	-135.109992	2
274	117.735327	10.6807	-135.109992	2
275	117.735327	10.6807	-274.194194	2
276	19.021732	10.6807	-461.370394	0
277	-19.026208	10.6807	-461.370394	2
278	-19.026208	10.6807	-382.959794	2
279	19.021732	10.6807	-382.959794	2
280	19.021732	10.6807	-461.370394	2
281	26.605943	10.6807	-468.954595	0
282	-26.610419	10.6807	-468.954595	2
283	-26.610419	10.6807	-375.375593	2
284	26.605943	10.6807	-375.375593	2
285	26.605943	10.6807	-468.954595	2
286	34.190129	10.6807	-476.538793	0
287	-34.194605	10.6807	-476.538793	2
288	-34.194605	10.6807	-367.791395	2
289	34.190129	10.6807	-367.791395	2
290	34.190129	10.6807	-476.538793	2
291	41.774341	10.6807	-484.122995	0
292	-41.778817	10.6807	-484.122995	2
293	-41.778817	10.6807	-360.207193	2
294	41.774341	10.6807	-360.207193	2
295	41.774341	10.6807	-484.122995	2
296	49.358527	10.6807	-491.707195	0
297	-49.363003	10.6807	-491.707195	2
298	-49.363003	10.6807	-352.622993	2
299	49.358527	10.6807	-352.622993	2
300	49.358527	10.6807	-491.707195	2
301	19.021732	9.8933	-243.857418	0
302	19.021732	9.8933	-165.446818	2
303	-19.026208	9.8933	-165.446818	2
304	-19.026208	9.8933	-243.857418	2
305	19.021732	9.8933	-243.857418	2
306	26.605943	9.8933	-251.441619	0
307	26.605943	9.8933	-157.862617	2
308	-26.610419	9.8933	-157.862617	2
309	-26.610419	9.8933	-251.441619	2
310	26.605943	9.8933	-251.441619	2
311	34.190129	9.8933	-259.025817	0
312	34.190129	9.8933	-150.278419	2
313	-34.194605	9.8933	-150.278419	2
314	-34.194605	9.8933	-259.025817	2
315	34.190129	9.8933	-259.025817	2
316	41.774341	9.8933	-266.610019	0
317	41.774341	9.8933	-142.694217	2
318	-41.778817	9.8933	-142.694217	2
319	-41.778817	9.8933	-266.610019	2
320	41.774341	9.8933	-266.610019	2
321	49.358527	9.8933	-274.194219	0
322	49.358527	9.8933	-135.110017	2
323	-49.363003	9.8933	-135.110017	2
324	-49.363003	9.8933	-274.194219	2
325	49.358527	9.8933	-274.194219	2
326	19.028463	9.8933	-407.065982	0
327	19.028463	9.8933	-328.655382	2
328	-19.019477	9.8933	-328.655382	2
329	-19.019477	9.8933	-407.065982	2
330	19.028463	9.8933	-407.065982	2
331	26.612674	9.8933	-414.650183	0
332	26.612674	9.8933	-321.071181	2
333	-26.603688	9.8933	-321.071181	2
334	-26.603688	9.8933	-414.650183	2
335	26.612674	9.8933	-414.650183	2
336	34.19686	9.8933	-422.234381	0
337	34.19686	9.8933	-313.486983	2
338	-34.187874	9.8933	-313.486983	2
339	-34.187874	9.8933	-422.234381	2
340	34.19686	9.8933	-422.234381	2
341	41.781072	9.8933	-429.818583	0
342	41.781072	9.8933	-305.902781	2
343	-41.772086	9.8933	-305.902781	2
344	-41.772086	9.8933	-429.818583	2
345	41.781072	9.8933	-429.818583	2
346	49.365258	9.8933	-437.402783	0
347	49.365258	9.8933	-298.318581	2
348	-49.356272	9.8933	-298.318581	2
349	-49.356272	9.8933	-437.402783	2
350	49.365258	9.8933	-437.402783	2
351	19.021732	9.1059	-352.582982	0
352	19.021732	9.1059	-274.172382	2
353	-19.026208	9.1059	-274.172382	2
354	-19.026208	9.1059	-352.582982	2
355	19.021732	9.1059	-352.582982	2
356	26.605943	9.1059	-360.167183	0
357	26.605943	9.1059	-266.588181	2
358	-26.610419	9.1059	-266.588181	2
359	-26.610419	9.1059	-360.167183	2
360	26.605943	9.1059	-360.167183	2
361	34.190129	9.1059	-367.751381	0
362	34.190129	9.1059	-259.003983	2
363	-34.194605	9.1059	-259.003983	2
364	-34.194605	9.1059	-367.751381	2
365	34.190129	9.1059	-367.751381	2
366	41.774341	9.1059	-375.335583	0
367	41.774341	9.1059	-251.419781	2
368	-41.778817	9.1059	-251.419781	2
369	-41.778817	9.1059	-375.335583	2
370	41.774341	9.1059	-375.335583	2
371	49.358527	9.1059	-382.919783	0
372	49.358527	9.1059	-243.835581	2
373	-49.363003	9.1059	-243.835581	2
374	-49.363003	9.1059	-382.919783	2
375	49.358527	9.1059	-382.919783	2
376	19.028463	9.1059	-189.374393	0
377	-19.019477	9.1059	-189.374393	2
378	-19.019477	9.1059	-110.963793	2
379	19.028463	9.1059	-110.963793	2
380	19.028463	9.1059	-189.374393	2
381	26.612674	9.1059	-196.958594	0
382	-26.603688	9.1059	-196.958594	2
383	-26.603688	9.1059	-103.379592	2
384	26.612674	9.1059	-103.379592	2
385	26.612674	9.1059	-196.958594	2
386	34.19686	9.1059	-204.542792	0
387	-34.187874	9.1059	-204.542792	2
388	-34.187874	9.1059	-95.795394	2
389	34.19686	9.1059	-95.795394	2
390	34.19686	9.1059	-204.542792	2
391	41.781072	9.1059	-212.126994	0
392	-41.772086	9.1059	-212.126994	2
393	-41.772086	9.1059	-88.211192	2
394	41.781072	9.1059	-88.211192	2
395	41.781072	9.1059	-212.126994	2
396	49.365258	9.1059	-219.711194	0
397	-49.356272	9.1059	-219.711194	2
398	-49.356272	9.1059	-80.626992	2
399	49.365258	9.1059	-80.626992	2
400	49.365258	9.1059	-219.711194	2
401	19.028463	8.3185	-298.340393	0
402	19.028463	8.3185	-219.929793	2
403	-19.019477	8.3185	-219.929793	2
404	-19.019477	8.3185	-298.340393	2
405	19.028463	8.3185	-298.340393	2
406	26.612674	8.3185	-305.924594	0
407	26.612674	8.3185	-212.345592	2
408	-26.603688	8.3185	-212.345592	2
409	-26.603688	8.3185	-305.924594	2
410	26.612674	8.3185	-305.924594	2
411	34.19686	8.3185	-313.508792	0
412	34.19686	8.3185	-204.761394	2
413	-34.187874	8.3185	-204.761394	2
414	-34.187874	8.3185	-313.508792	2
415	34.19686	8.3185	-313.508792	2
416	41.781072	8.3185	-321.092994	0
417	41.781072	8.3185	-197.177192	2
418	-41.772086	8.3185	-197.177192	2
419	-41.772086	8.3185	-321.092994	2
420	41.781072	8.3185	-321.092994	2
421	49.365258	8.3185	-328.677194	0
422	49.365258	8.3185	-189.592992	2
423	-49.356272	8.3185	-189.592992	2
424	-49.356272	8.3185	-328.677194	2
425	49.365258	8.3185	-328.677194	2
426	-49.348337	7.5311	-189.374393	0
427	-87.396277	7.5311	-189.374393	2
428	-87.396277	7.5311	-110.963793	2
429	-49.348337	7.5311	-110.963793	2
430	-49.348337	7.5311	-189.374393	2
431	-41.764126	7.5311	-196.958594	0
432	-94.980488	7.5311	-196.958594	2
433	-94.980488	7.5311	-103.379592	2
434	-41.764126	7.5311	-103.379592	2
435	-41.764126	7.5311	-196.958594	2
436	-34.17994	7.5311	-204.542792	0
437	-102.564674	7.5311	-204.542792	2
438	-102.564674	7.5311	-95.795394	2
439	-34.17994	7.5311	-95.795394	2
440	-34.17994	7.5311	-204.542792	2
441	-26.595728	7.5311	-212.126994	0
442	-110.148886	7.5311	-212.126994	2
443	-110.148886	7.5311	-88.211192	2
444	-26.595728	7.5311	-88.211192	2
445	-26.595728	7.5311	-212.126994	2
446	-19.011542	7.5311	-219.711194	0
447	-117.733072	7.5311	-219.711194	2
448	-117.733072	7.5311	-80.626992	2
449	-19.011542	7.5311	-80.626992	2
450	-19.011542	7.5311	-219.711194	2
451	87.405263	7.5311	-189.374393	0
452	49.357323	7.5311	-189.374393	2
453	49.357323	7.5311	-110.963793	2
454	87.405263	7.5311	-110.963793	2
455	87.405263	7.5311	-189.374393	2
456	94.989474	7.5311	-196.958594	0
457	41.773112	7.5311	-196.958594	2
458	41.773112	7.5311	-103.379592	2
459	94.989474	7.5311	-103.379592	2
460	94.989474	7.5311	-196.958594	2
461	102.57366	7.5311	-204.542792	0
462	34.188926	7.5311	-204.542792	2
463	34.188926	7.5311	-95.795394	2
464	102.57366	7.5311	-95.795394	2
465	102.57366	7.5311	-204.542792	2
466	110.157872	7.5311	-212.126994	0
467	26.604714	7.5311	-212.126994	2
468	26.604714	7.5311	-88.211192	2
469	110.157872	7.5311	-88.211192	2
470	110.157872	7.5311	-212.126994	2
471	117.742058	7.5311	-219.711194	0
472	19.020528	7.5311	-219.711194	2
473	19.020528	7.5311	-80.626992	2
474	117.742058	7.5311	-80.626992	2
475	117.742058	7.5311	-219.711194	2
476	87.398532	9.1059	-515.853394	0
477	49.350592	9.1059	-515.853394	2
478	49.350592	9.1059	-437.442794	2
479	87.398532	9.1059	-437.442794	2
480	87.398532	9.1059	-515.853394	2
481	94.982743	9.1059	-523.437595	0
482	41.766381	9.1059	-523.437595	2
483	41.766381	9.1059	-429.858593	2
484	94.982743	9.1059	-429.858593	2
485	94.982743	9.1059	-523.437595	2
486	102.566929	9.1059	-531.021793	0
487	34.182195	9.1059	-531.021793	2
488	34.182195	9.1059	-422.274395	2
489	102.566929	9.1059	-422.274395	2
490	102.566929	9.1059	-531.021793	2
491	110.151141	9.1059	-538.605995	0
492	26.597983	9.1059	-538.605995	2
493	26.597983	9.1059	-414.690193	2
494	110.151141	9.1059	-414.690193	2
495	110.151141	9.1059	-538.605995	2
496	117.735327	9.1059	-546.190195	0
497	19.013797	9.1059	-546.190195	2
498	19.013797	9.1059	-407.105993	2
499	117.735327	9.1059	-407.105993	2
500	117.735327	9.1059	-546.190195	2
501	-49.355068	9.1059	-515.853394	0
502	-49.355068	9.1059	-437.442794	2
503	-87.403008	9.1059	-437.442794	2
504	-87.403008	9.1059	-515.853394	2
505	-49.355068	9.1059	-515.853394	2
506	-41.770857	9.1059	-523.437595	0
507	-41.770857	9.1059	-429.858593	2
508	-94.987219	9.1059	-429.858593	2
509	-94.987219	9.1059	-523.437595	2
510	-41.770857	9.1059	-523.437595	2
511	-34.186671	9.1059	-531.021793	0
512	-34.186671	9.1059	-422.274395	2
513	-102.571405	9.1059	-422.274395	2
514	-102.571405	9.1059	-531.021793	2
515	-34.186671	9.1059	-531.021793	2
516	-26.602459	9.1059	-538.605995	0
517	-26.602459	9.1059	-414.690193	2
518	-110.155617	9.1059	-414.690193	2
519	-110.155617	9.1059	-538.605995	2
520	-26.602459	9.1059	-538.605995	2
521	-19.018273	9.1059	-546.190195	0
522	-19.018273	9.1059	-407.105993	2
523	-117.739803	9.1059	-407.105993	2
524	-117.739803	9.1059	-546.190195	2
525	-19.018273	9.1059	-546.190195	2
526	-49.348337	7.5311	-407.065982	0
527	-49.348337	7.5311	-328.655382	2
528	-87.396277	7.5311	-328.655382	2
529	-87.396277	7.5311	-407.065982	2
530	-49.348337	7.5311	-407.065982	2
531	-41.764126	7.5311	-414.650183	0
532	-41.764126	7.5311	-321.071181	2
533	-94.980488	7.5311	-321.071181	2
534	-94.980488	7.5311	-414.650183	2
535	-41.764126	7.5311	-414.650183	2
536	-34.17994	7.5311	-422.234381	0
537	-34.17994	7.5311	-313.486983	2
538	-102.564674	7.5311	-313.486983	2
539	-102.564674	7.5311	-422.234381	2
540	-34.17994	7.5311	-422.234381	2
541	-26.595728	7.5311	-429.818583	0
542	-26.595728	7.5311	-305.902781	2
543	-110.148886	7.5311	-305.902781	2
544	-110.148886	7.5311	-429.818583	2
545	-26.595728	7.5311	-429.818583	2
546	-19.011542	7.5311	-437.402783	0
547	-19.011542	7.5311	-298.318581	2
548	-117.733072	7.5311	-298.318581	2
549	-117.733072	7.5311	-437.402783	2
550	-19.011542	7.5311	-437.402783	2
551	87.405238	7.5311	-407.065982	0
552	87.405238	7.5311	-328.655382	2
553	49.357298	7.5311	-328.655382	2
554	49.357298	7.5311	-407.065982	2
555	87.405238	7.5311	-407.065982	2
556	94.989449	7.5311	-414.650183	0
557	94.989449	7.5311	-321.071181	2
558	41.773087	7.5311	-321.071181	2
559	41.773087	7.5311	-414.650183	2
560	94.989449	7.5311	-414.650183	2
561	102.573635	7.5311	-422.234381	0
562	102.573635	7.5311	-313.486983	2
563	34.188901	7.5311	-313.486983	2
564	34.188901	7.5311	-422.234381	2
565	102.573635	7.5311	-422.234381	2
566	110.157847	7.5311	-429.818583	0
567	110.157847	7.5311	-305.902781	2
568	26.604689	7.5311	-305.902781	2
569	26.604689	7.5311	-429.818583	2
570	110.157847	7.5311	-429.818583	2
571	117.742033	7.5311	-437.402783	0
572	117.742033	7.5311	-298.318581	2
573	19.020503	7.5311	-298.318581	2
574	19.020503	7.5311	-437.402783	2
575	117.742033	7.5311	-437.402783	2
576	19.021732	6.7437	-515.853394	0
577	19.021732	6.7437	-437.442794	2
578	-19.026208	6.7437	-437.442794	2
579	-19.026208	6.7437	-515.853394	2
580	19.021732	6.7437	-515.853394	2
581	26.605943	6.7437	-523.437595	0
582	26.605943	6.7437	-429.858593	2
583	-26.610419	6.7437	-429.858593	2
584	-26.610419	6.7437	-523.437595	2
585	26.605943	6.7437	-523.437595	2
586	34.190129	6.7437	-531.021793	0
587	34.190129	6.7437	-422.274395	2
588	-34.194605	6.7437	-422.274395	2
589	-34.194605	6.7437	-531.021793	2
590	34.190129	6.7437	-531.021793	2
591	41.774341	6.7437	-538.605995	0
592	41.774341	6.7437	-414.690193	2
593	-41.778817	6.7437	-414.690193	2
594	-41.778817	6.7437	-538.605995	2
595	41.774341	6.7437	-538.605995	2
596	49.358527	6.7437	-546.190195	0
597	49.358527	6.7437	-407.105993	2
598	-49.363003	6.7437	-407.105993	2
599	-49.363003	6.7437	-546.190195	2
600	49.358527	6.7437	-546.190195	2
